1 -1 -1 3 8 -1 -1 5 7
-1 -1 3 -1 4 6 1 -1 -1
2 8 9 -1 5 -1 -1 -1 -1
6 -1 5 8 -1 -1 2 -1 4
-1 9 -1 -1 -1 -1 7 8 1
-1 4 7 2 -1 3 -1 -1 9
5 3 1 -1 9 -1 4 -1 2
-1 -1 -1 1 3 7 -1 9 5
-1 -1 8 4 -1 -1 6 -1 -1

Solution:
+---------+---------+---------+
| 1  6  4 | 3  8  2 | 9  5  7 |
| 7  5  3 | 9  4  6 | 1  2  8 |
| 2  8  9 | 7  5  1 | 3  4  6 |
+---------+---------+---------+
| 6  1  5 | 8  7  9 | 2  3  4 |
| 3  9  2 | 5  6  4 | 7  8  1 |
| 8  4  7 | 2  1  3 | 5  6  9 |
+---------+---------+---------+
| 5  3  1 | 6  9  8 | 4  7  2 |
| 4  2  6 | 1  3  7 | 8  9  5 |
| 9  7  8 | 4  2  5 | 6  1  3 |
+---------+---------+---------+
